cam0:
  cam_overlaps: [1]
  camera_model: pinhole
  distortion_coeffs: [0.005984652915192181, -0.008391743671416898, -0.0015093823103522368,
    -5.143397766580813e-05]
  distortion_model: radtan
  intrinsics: [343.848199580684, 344.03020991709843, 330.424858874939, 265.57285031082563]
  resolution: [640, 540]
  rostopic: /camera_l/image_raw
cam1:
  T_cn_cnm1:
  - [0.9997586582879232, 0.013369811985766927, -0.017431962190102034, -0.18916726300016296]
  - [-0.013314782236420556, 0.9999060104167634, 0.003269083423270707, 0.0007332931581322809]
  - [0.017474030797975708, -0.0030361916765656873, 0.9998427075234259, -0.002434743293903098]
  - [0.0, 0.0, 0.0, 1.0]
  cam_overlaps: [0]
  camera_model: pinhole
  distortion_coeffs: [-0.0013758865676815947, -0.006322047192794132, -0.0025074460487530476,
    0.002794727303063312]
  distortion_model: radtan
  intrinsics: [342.0274386070895, 341.6553700992778, 321.1672653551896, 273.49249462727096]
  resolution: [640, 540]
  rostopic: /camera_r/image_raw
