%YAML:1.0
---
CameraExtrinsicMat: !!opencv-matrix
   rows: 4
   cols: 4
   dt: d
   data: [ 1., 0., 0., 0., 0., 1., 0., 0., 0., 0., 1., 0., 0., 0., 0.,
       1. ]
CameraMat: !!opencv-matrix
   rows: 3
   cols: 3
   dt: d
   data: [ 342.0274386070895, 0., 321.1672653551896, 0., 341.6553700992778, 273.49249462727096, 0., 0., 1. ]
DistCoeff: !!opencv-matrix
   rows: 5
   cols: 1
   dt: d
   data: [-0.0013758865676815947, -0.006322047192794132, -0.0025074460487530476, 0.002794727303063312, 0 ]
ImageSize: [640, 540]
Reprojection Error: 0.0
DistModel: plumb_bob

