%YAML:1.0
---
CameraExtrinsicMat: !!opencv-matrix
   rows: 4
   cols: 4
   dt: d
   data: [ 1., 0., 0., 0., 0., 1., 0., 0., 0., 0., 1., 0., 0., 0., 0.,
       1. ]
CameraMat: !!opencv-matrix
   rows: 3
   cols: 3
   dt: d
   data: [ 349.77809149183855, 0., 315.4455672812897, 0., 349.06710043680147, 279.0405899012457, 0., 0., 1. ]
DistCoeff: !!opencv-matrix
   rows: 5
   cols: 1
   dt: d
   data: [ -0.00633318218240015, 0.00222445098629137, -0.00020833864799456368, -0.000996441920808419, 0 ]
ImageSize: [640, 540]
Reprojection Error: 0.0
DistModel: plumb_bob

